{
  "asset": {
    "version": "2.0",
    "generator": "THREE.GLTFExporter"
  },
  "scenes": [
    {
      "nodes": [
        0
      ]
    }
  ],
  "scene": 0,
  "nodes": [
    {
      "children": [
        43
      ],
      "matrix": [
        0.01,
        0,
        0,
        0,
        0,
        0.01,
        0,
        0,
        0,
        0,
        0.01,
        0,
        0,
        0,
        0,
        1
      ]
    },
    {
      "name": "MutantMesh",
      "mesh": 0
    },
    {
      "matrix": [
        0.9999999999999993,
        7.5806347556221885e-19,
        -7.796554467671608e-18,
        0,
        -7.580634755622174e-19,
        0.9999999999999998,
        2.1857515797305247e-16,
        0,
        7.79655446767161e-18,
        -2.1857515797305243e-16,
        0.9999999999999996,
        0,
        1.1065998836018442e-7,
        20.49394226620018,
        -0.2825036857818315,
        1
      ],
      "name": "mixamorigHeadTop_End"
    },
    {
      "matrix": [
        0.995333916225895,
        0.020292631190340665,
        0.0943324148710733,
        0,
        -0.040270865070672644,
        0.9757827302585969,
        0.21500307350145176,
        0,
        -0.08768496337739529,
        -0.2177986990502556,
        0.9720468480899724,
        0,
        -1.3877787807814457e-17,
        8.817321659440836,
        6.102616003633608,
        1
      ],
      "name": "mixamorigHead",
      "children": [
        2
      ]
    },
    {
      "matrix": [
        0.9971833589649742,
        0.06102704252205744,
        0.04360101662958498,
        0,
        -0.05587025797136687,
        0.9922456094274281,
        -0.11102776569300905,
        0,
        -0.05003861353330319,
        0.10827904026901877,
        0.992860406356256,
        0,
        -0.011927118837497308,
        24.670654257690785,
        2.0281014439399714,
        1
      ],
      "name": "mixamorigNeck",
      "children": [
        3
      ]
    },
    {
      "matrix": [
        1.0000000000000009,
        2.3348351646308573e-64,
        -5.380986103007302e-43,
        0,
        2.3348351646308573e-64,
        1.0000000000000009,
        8.67809401450034e-22,
        0,
        5.380986103007299e-43,
        -8.678094014500335e-22,
        1.0000000000000002,
        0,
        -1.021405182655144e-14,
        26.75343322984579,
        0,
        1
      ],
      "name": "mixamorigLeftHand"
    },
    {
      "matrix": [
        0.8174529063810094,
        0.575995435387573,
        -4.899056150033679e-7,
        0,
        -0.575995435387781,
        0.8174529063806865,
        -7.266655231005356e-7,
        0,
        -1.8081261452350804e-8,
        8.76198243583663e-7,
        0.9999999999996158,
        0,
        2.0539125955565396e-15,
        26.41509641678631,
        -2.842170943040401e-14,
        1
      ],
      "name": "mixamorigLeftForeArm",
      "children": [
        5
      ]
    },
    {
      "matrix": [
        0.6908627469101258,
        0.006548972465123932,
        0.7229562774726472,
        0,
        -0.7224778337722281,
        0.043736459020747236,
        0.6900093563858476,
        0,
        -0.027100698980749578,
        -0.9990216429847113,
        0.0349473760825414,
        0,
        -2.6645352591003757e-15,
        18.03550687774979,
        -8.526512829121202e-14,
        1
      ],
      "name": "mixamorigLeftArm",
      "children": [
        6
      ]
    },
    {
      "matrix": [
        0.39567860665232313,
        -0.0764950040045773,
        -0.9151977719425666,
        0,
        0.9182737644986815,
        0.048742290422300674,
        0.39293446507259067,
        0,
        0.014551317456458766,
        -0.9958778613719675,
        0.08952963302573667,
        0,
        9.55356802405443,
        16.065384013220495,
        -5.227831698666453,
        1
      ],
      "name": "mixamorigLeftShoulder",
      "children": [
        7
      ]
    },
    {
      "matrix": [
        1.000000000000001,
        5.204170427930423e-18,
        2.1684043449710086e-19,
        0,
        -5.20417042793042e-18,
        1.0000000000000004,
        8.070529921438972e-18,
        0,
        -2.1684043449710077e-19,
        -8.070529921438977e-18,
        1.0000000000000009,
        0,
        -8.065104140086987e-11,
        6.769707147439348,
        8.810729923425242e-13,
        1
      ],
      "name": "mixamorigRightHandIndex4"
    },
    {
      "matrix": [
        0.999903760625028,
        -0.012880206464816758,
        -0.005154587028615311,
        0,
        0.011760778639446468,
        0.589883281282948,
        0.8074028674683815,
        0,
        -0.007358911047554281,
        -0.807385785477918,
        0.5899779925436123,
        0,
        -5.575628847509506e-11,
        7.489387512207031,
        8.242295734817162e-13,
        1
      ],
      "name": "mixamorigRightHandIndex3",
      "children": [
        9
      ]
    },
    {
      "matrix": [
        0.9998060565336371,
        -0.014510937343413672,
        -0.013314729290337423,
        0,
        0.01451068043651945,
        0.08569563393160112,
        0.9962156887332843,
        0,
        -0.013315009272571248,
        -0.9962156849911963,
        0.08588957739792874,
        0,
        -2.7833735316562525e-11,
        7.514381408691293,
        1.0487610779819079e-11,
        1
      ],
      "name": "mixamorigRightHandIndex2",
      "children": [
        10
      ]
    },
    {
      "matrix": [
        0.888319737911618,
        -0.43573617924677305,
        -0.1449897317326226,
        0,
        0.24837246071924335,
        0.19031002627119642,
        0.9497858667781667,
        0,
        -0.3862630722302377,
        -0.8797249877494157,
        0.27728102241271607,
        0,
        8.65423793801492,
        18.44777848518528,
        -1.4796469177613574,
        1
      ],
      "name": "mixamorigRightHandIndex1",
      "children": [
        11
      ]
    },
    {
      "matrix": [
        1.0000000000000002,
        -2.2204459523492903e-16,
        -2.0729913774187313e-16,
        0,
        2.2204459523492898e-16,
        1.0000000000000004,
        -5.425927226941842e-16,
        0,
        2.0729913774187333e-16,
        5.425927226941844e-16,
        1.0000000000000007,
        0,
        -7.389644451905042e-13,
        7.092956542968608,
        8.348877145181177e-14,
        1
      ],
      "name": "mixamorigRightHandPinky4"
    },
    {
      "matrix": [
        0.4955025101085795,
        0.8685754081283454,
        0.007349154655523716,
        0,
        -0.868575410092768,
        0.4953954563194808,
        0.012652511246913432,
        0,
        0.007348922482409728,
        -0.012652646100781033,
        0.9998929462108826,
        0,
        -5.684341886080801e-13,
        7.078903198242301,
        7.460698725481052e-14,
        1
      ],
      "name": "mixamorigRightHandPinky3",
      "children": [
        13
      ]
    },
    {
      "matrix": [
        0.8870792319906116,
        0.4616142656761723,
        0.0016449605452613571,
        0,
        -0.46161426606467376,
        0.8870552708016979,
        0.0067242775448317,
        0,
        0.0016448515191253392,
        -0.006724304214967185,
        0.9999760388110837,
        0,
        -9.86233317235019e-12,
        7.044219970702926,
        1.7408297026122455e-13,
        1
      ],
      "name": "mixamorigRightHandPinky2",
      "children": [
        14
      ]
    },
    {
      "matrix": [
        0.3747577415174633,
        0.8578592812838082,
        0.35161635329433955,
        0,
        0.40374222674290516,
        -0.49241209142628434,
        0.7710528372663481,
        0,
        0.8345950040189922,
        -0.1469956360815964,
        -0.5308892462301004,
        0,
        -10.003090106396096,
        17.50775448247508,
        0.4779670937953995,
        1
      ],
      "name": "mixamorigRightHandPinky1",
      "children": [
        15
      ]
    },
    {
      "matrix": [
        1.0000000000000007,
        8.326672684688673e-17,
        -8.666684749742558e-34,
        0,
        -8.326672684688677e-17,
        1.000000000000001,
        -2.081668171172169e-17,
        0,
        -8.666684749742551e-34,
        2.0816681711721682e-17,
        1.0000000000000007,
        0,
        1.2079226507921703e-13,
        8.025273965299291,
        7.958078640513122e-13,
        1
      ],
      "name": "mixamorigRightHandThumb4"
    },
    {
      "matrix": [
        0.9801680432311844,
        -0.029276016794090955,
        0.19599367529012665,
        0,
        0.06705714907601196,
        0.9796815722391455,
        -0.1890168104433672,
        0,
        -0.18647773237268045,
        0.1984110145961117,
        0.9622157359403397,
        0,
        8.526512829121202e-14,
        8.498756741252482,
        3.979039320256561e-13,
        1
      ],
      "name": "mixamorigRightHandThumb3",
      "children": [
        17
      ]
    },
    {
      "matrix": [
        0.9804924009511953,
        0.09305723077661246,
        -0.17313290697366154,
        0,
        -0.09305334625599229,
        0.9956277099516232,
        0.008157078340355126,
        0,
        0.1731349948090352,
        0.008112643014244823,
        0.9848646905010862,
        0,
        2.842170943040401e-14,
        10.473003056142057,
        5.684341886080801e-13,
        1
      ],
      "name": "mixamorigRightHandThumb2",
      "children": [
        18
      ]
    },
    {
      "matrix": [
        0.4701795745545988,
        -0.8819094523618932,
        -0.034159705888666785,
        0,
        0.8651206781672371,
        0.4528793444674604,
        0.2155609230871447,
        0,
        -0.17463499042034744,
        -0.13090461103210718,
        0.9758927210156946,
        0,
        6.163474502121874,
        2.4922930698756858,
        4.446382792032296,
        1
      ],
      "name": "mixamorigRightHandThumb1",
      "children": [
        19
      ]
    },
    {
      "matrix": [
        0.5400286272010169,
        0.7392772735735166,
        -0.402291170828096,
        0,
        -0.7785750711614494,
        0.6203436857428841,
        0.09483967074129275,
        0,
        0.3196716001062279,
        0.26199774304005174,
        0.9105862117800301,
        0,
        -3.5020875088775938e-12,
        26.753433229845683,
        -8.643041837785859e-11,
        1
      ],
      "name": "mixamorigRightHand",
      "children": [
        12,
        16,
        20
      ]
    },
    {
      "matrix": [
        0.9267065034464675,
        -0.375785917060128,
        7.595445083937691e-7,
        0,
        0.3757859170605426,
        0.9267065034464748,
        -5.02276839039417e-7,
        0,
        -5.151262713271351e-7,
        7.508893446142142e-7,
        0.9999999999995849,
        0,
        3.858025010572419e-14,
        26.415096510240645,
        1.7053025658242404e-13,
        1
      ],
      "name": "mixamorigRightForeArm",
      "children": [
        21
      ]
    },
    {
      "matrix": [
        0.6464853930298577,
        0.1910640568921692,
        -0.7386143491476,
        0,
        0.6567039145934984,
        0.3534132959802201,
        0.6662124284451406,
        0,
        0.38832537795050437,
        -0.9157475402211582,
        0.10300402032896774,
        0,
        1.532107773982716e-14,
        17.95505789807205,
        1.1368683772161603e-13,
        1
      ],
      "name": "mixamorigRightArm",
      "children": [
        22
      ]
    },
    {
      "matrix": [
        0.6338315942415523,
        0.13448296281314912,
        0.7616901225168765,
        0,
        -0.7726355140890943,
        0.0643234058803301,
        0.6315828223850138,
        0,
        0.03594262643517281,
        -0.9888259866511079,
        0.14467652007531082,
        0,
        -9.553567748650655,
        16.06538401104939,
        -5.227831868234875,
        1
      ],
      "name": "mixamorigRightShoulder",
      "children": [
        23
      ]
    },
    {
      "matrix": [
        0.9965979175661676,
        0.006362318740234462,
        -0.08217123349404118,
        0,
        0.023334690366412985,
        0.934437631373116,
        0.35536151382705533,
        0,
        0.07904481601716969,
        -0.35606998495267833,
        0.9311101347839736,
        0,
        -1.5543122344752192e-15,
        13.020547119878032,
        -2.6645352591003757e-14,
        1
      ],
      "name": "mixamorigSpine2",
      "children": [
        4,
        8,
        24
      ]
    },
    {
      "matrix": [
        0.9988021087737363,
        0.010590637269699242,
        -0.04777223008928201,
        0,
        -0.0006507426020093078,
        0.9790854860388586,
        0.20344824537428957,
        0,
        0.04892774365886472,
        -0.2031734490873079,
        0.977919539903474,
        0,
        5.551115123125783e-17,
        13.0633348360942,
        -1.4654943925052066e-14,
        1
      ],
      "name": "mixamorigSpine1",
      "children": [
        25
      ]
    },
    {
      "matrix": [
        0.9892314900629656,
        -0.11467865794113227,
        0.09093879451441907,
        0,
        0.08967312948121885,
        0.9659578399794941,
        0.24266062888546944,
        0,
        -0.11567103692783037,
        -0.23189276913019027,
        0.9658395075889209,
        0,
        0.00001781757541423866,
        10.763862609848786,
        1.2435164451577254,
        1
      ],
      "name": "mixamorigSpine",
      "children": [
        26
      ]
    },
    {
      "matrix": [
        0.9999999999999992,
        -7.677824534047423e-52,
        1.031289947447125e-22,
        0,
        -7.677824534047429e-52,
        1,
        1.4889749586046598e-29,
        0,
        -1.0312899474471254e-22,
        -1.4889749586046592e-29,
        0.9999999999999997,
        0,
        -1.7763568394002505e-15,
        16.883821487426786,
        5.003490026814217e-14,
        1
      ],
      "name": "mixamorigLeftToe_End"
    },
    {
      "matrix": [
        0.9946265194510849,
        -0.02337571269328742,
        0.1008546625632379,
        0,
        -0.057250188821930524,
        0.6874812541639822,
        0.7239419499319806,
        0,
        -0.08625834907136233,
        -0.7258258104032581,
        0.6824488230482753,
        0,
        3.197442310920451e-14,
        21.288000000000018,
        -2.3092638912203256e-14,
        1
      ],
      "name": "mixamorigLeftToeBase",
      "children": [
        28
      ]
    },
    {
      "matrix": [
        0.996352974153674,
        -0.08532554200625721,
        0.0005502384873376715,
        0,
        0.04526927415379516,
        0.5340570463519713,
        0.844235608264336,
        0,
        -0.07232871973596,
        -0.8411317502776858,
        0.5359719518646469,
        0,
        -5.329070518200751e-15,
        34.40933987998616,
        -2.708944180085382e-14,
        1
      ],
      "name": "mixamorigLeftFoot",
      "children": [
        29
      ]
    },
    {
      "matrix": [
        0.9943988869536765,
        -0.041160987191435405,
        -0.09734796845669914,
        0,
        -0.03551998141391193,
        0.737333442705076,
        -0.6745944965328688,
        0,
        0.09954488811373162,
        0.6742738145334622,
        0.7317415172394646,
        0,
        5.329070518200751e-15,
        35.94966551972643,
        -5.329070518200751e-15,
        1
      ],
      "name": "mixamorigLeftLeg",
      "children": [
        30
      ]
    },
    {
      "matrix": [
        -0.9633103125455349,
        -0.04613062072798011,
        0.2643960102789503,
        0,
        0.22864163632008042,
        -0.6569619492097237,
        0.7184177304667883,
        0,
        0.1405570580264529,
        0.752511128914002,
        0.643405565759938,
        0,
        13.655961741285413,
        -7.135261057379495,
        0.12969468125789785,
        1
      ],
      "name": "mixamorigLeftUpLeg",
      "children": [
        31
      ]
    },
    {
      "matrix": [
        0.9999999999999999,
        -5.293955920339377e-23,
        -2.179409059564674e-22,
        0,
        5.293955920339377e-23,
        0.9999999999999999,
        -1.6543612251060553e-24,
        0,
        2.179409059564674e-22,
        1.6543612251060553e-24,
        0.9999999999999999,
        0,
        -1.7763568394002505e-14,
        16.883821487426754,
        -2.4125395691604323e-14,
        1
      ],
      "name": "mixamorigRightToe_End"
    },
    {
      "matrix": [
        0.9999999999991366,
        0.00000121622076296057,
        4.980745782179495e-7,
        0,
        -0.0000011897635956372055,
        0.6767463871397829,
        0.7362162294658203,
        0,
        5.583312782030103e-7,
        -0.736216229465777,
        0.6767463871406455,
        0,
        7.105427357601002e-15,
        21.287999999999997,
        3.552713678800501e-15,
        1
      ],
      "name": "mixamorigRightToeBase",
      "children": [
        33
      ]
    },
    {
      "matrix": [
        0.9825351286431713,
        0.18355459501375979,
        0.03053574211406573,
        0,
        -0.12434149185632883,
        0.5255685698402593,
        0.8416156304925192,
        0,
        0.13843379031170314,
        -0.8307137814769374,
        0.5392130346356272,
        0,
        -3.552713678800501e-14,
        34.40933987998629,
        -7.549516567451064e-15,
        1
      ],
      "name": "mixamorigRightFoot",
      "children": [
        34
      ]
    },
    {
      "matrix": [
        0.9929886715297311,
        -0.051167597957985735,
        0.10656160156577707,
        0,
        0.10979763345960378,
        0.733211307715337,
        -0.6710779762002851,
        0,
        -0.043794722235949685,
        0.6780730398516149,
        0.7336886036736748,
        0,
        5.329070518200751e-15,
        35.949665519726416,
        -1.7763568394002505e-15,
        1
      ],
      "name": "mixamorigRightLeg",
      "children": [
        35
      ]
    },
    {
      "matrix": [
        -0.9950868154925554,
        0.07056066631362166,
        -0.06945095000306195,
        0,
        -0.09884575089815702,
        -0.6681082656970881,
        0.7374692354597268,
        0,
        0.005635567081454088,
        0.74071083972732,
        0.6718003381532802,
        0,
        -13.65598512757409,
        -7.135216237523366,
        0.12969805708730053,
        1
      ],
      "name": "mixamorigRightUpLeg",
      "children": [
        36
      ]
    },
    {
      "matrix": [
        0.06033389297963198,
        -0.002720257842225515,
        0.9981745201755626,
        0,
        -0.3289495813620084,
        0.9440804526015742,
        0.022455935332148205,
        0,
        -0.9424181372682736,
        -0.3297039525197629,
        0.0560652226549857,
        0,
        -5.30972841087973,
        86.41820238487931,
        -3.6199724853422897,
        1
      ],
      "name": "mixamorigHips",
      "children": [
        27,
        32,
        37
      ]
    },
    {
      "name": "Golf Drive",
      "children": [
        1,
        38
      ]
    },
    {
      "matrix": [
        null,
        null,
        null,
        null,
        null,
        null,
        null,
        null,
        null,
        null,
        null,
        null,
        0,
        0,
        0,
        1
      ],
      "name": "Group"
    },
    {
      "matrix": [
        1,
        0,
        0,
        0,
        0,
        1,
        -5.975215370307364e-17,
        0,
        0,
        5.975215370307364e-17,
        1,
        0,
        -2.0310230404156036,
        117.26675783141526,
        237.82688525533243,
        1
      ],
      "camera": 0
    },
    {
      "matrix": [
        1,
        0,
        0,
        0,
        0,
        1,
        0,
        0,
        0,
        0,
        1,
        0,
        0,
        1,
        0,
        1
      ],
      "name": "Default Ambient Light"
    },
    {
      "name": "Scene 1",
      "children": [
        39,
        40,
        41,
        42
      ]
    }
  ],
  "bufferViews": [
    {
      "buffer": 0,
      "byteOffset": 0,
      "byteLength": 405756,
      "target": 34962,
      "byteStride": 12
    },
    {
      "buffer": 0,
      "byteOffset": 405756,
      "byteLength": 405756,
      "target": 34962,
      "byteStride": 12
    },
    {
      "buffer": 0,
      "byteOffset": 811512,
      "byteLength": 270504,
      "target": 34962,
      "byteStride": 8
    },
    {
      "buffer": 0,
      "byteOffset": 1082016,
      "byteLength": 270504,
      "target": 34962,
      "byteStride": 8
    }
  ],
  "buffers": [
    {
      "byteLength": 1352520,
